1 13
1 746
1 792
1 875
1 486
1 359
1 51
1 435
1 747
1 1147
2 746
2 792
2 12
2 700
2 810
2 606
2 1380
2 1379
2 909
2 47
3 399
3 144
3 485
3 91
3 181
3 90
3 5
3 6
3 518
3 542
4 166
4 488
4 236
4 410
4 1202
4 349
4 1312
4 185
4 1252
4 777
5 552
5 142
5 1379
5 1209
5 1217
5 1198
5 641
5 166
5 307
5 495
6 386
6 385
6 1308
6 544
6 1273
6 997
6 1074
6 497
6 1062
6 271
7 907
7 469
7 248
7 57
7 48
7 492
7 250
7 354
7 56
7 971
8 492
8 232
8 69
8 469
8 461
8 354
8 711
8 556
8 557
8 248
9 168
9 5
9 21
9 585
9 959
9 398
9 22
9 303
9 437
9 554
10 302
10 1214
10 1150
10 691
10 617
10 949
10 616
10 621
10 649
10 1098
11 495
11 11
11 160
11 1327
11 262
11 654
11 777
11 1238
11 369
11 1252
12 624
12 590
12 1222
12 245
12 34
12 1221
12 941
12 1342
12 966
12 939
13 496
13 313
13 507
13 1242
13 132
13 1288
13 1056
13 837
13 879
13 404
14 64
14 345
14 335
14 170
14 798
14 265
14 1364
14 569
14 256
14 449
15 82
15 553
15 1098
15 405
15 108
15 183
15 463
15 949
15 1096
15 1340
16 106
16 498
16 231
16 336
16 360
16 192
16 494
16 669
16 802
16 1112
17 106
17 1281
17 498
17 1195
17 700
17 360
17 192
17 494
17 8
17 1105
18 248
18 57
18 492
18 469
18 56
18 907
18 354
18 124
18 58
18 197
19 1242
19 172
19 286
19 313
19 43
19 1379
19 1221
19 78
19 714
19 593
20 500
20 270
20 963
20 104
20 554
20 550
20 120
20 295
20 37
20 607
21 883
21 1303
21 413
21 193
21 502
21 460
21 204
21 16
21 552
21 205
22 140
22 413
22 125
22 493
22 145
22 786
22 254
22 568
22 9
22 346
23 892
23 141
23 899
23 185
23 1112
23 1197
23 1111
23 1287
23 184
23 718
24 756
24 46
24 833
24 1361
24 1317
24 925
24 612
24 439
24 1188
24 583
25 588
25 511
25 540
25 214
25 277
25 231
25 487
25 212
25 221
25 1377
26 306
26 611
26 207
26 1182
26 3
26 180
26 148
26 1237
26 4
26 1076
27 681
27 1208
27 415
27 1132
27 1124
27 925
27 1276
27 752
27 602
27 898
28 681
28 1048
28 521
28 1235
28 1208
28 415
28 1276
28 752
28 1329
28 433
29 420
29 465
29 222
29 901
29 601
29 250
29 612
29 900
29 147
29 200
30 680
30 633
30 752
30 601
30 466
30 147
30 465
30 901
30 1186
30 902
31 751
31 698
31 1320
31 920
31 678
31 277
31 916
31 918
31 68
31 895
32 752
32 738
32 556
32 557
32 27
32 1210
32 1186
32 898
32 160
32 745
33 516
33 431
33 1336
33 594
33 904
33 280
33 755
33 252
33 311
33 1318
34 672
34 252
34 431
34 516
34 610
34 608
34 876
34 598
34 109
34 198
35 1327
35 654
35 1203
35 166
35 171
35 724
35 1156
35 113
35 296
35 75
36 387
36 1160
36 319
36 303
36 1142
36 169
36 45
36 1159
36 1215
36 325
37 503
37 186
37 232
37 492
37 461
37 38
37 121
37 126
37 176
37 519
38 536
38 976
38 294
38 295
38 154
38 318
38 981
38 138
38 1368
38 35
39 337
39 1278
39 1264
39 40
39 79
39 1220
39 207
39 113
39 293
39 1324
40 536
40 113
40 37
40 976
40 589
40 295
40 975
40 138
40 588
40 1368
41 288
41 1141
41 1196
41 927
41 229
41 433
41 686
41 154
41 875
41 29
42 521
42 440
42 439
42 191
42 526
42 211
42 467
42 404
42 222
42 916
43 467
43 404
43 1194
43 122
43 916
43 454
43 194
43 440
43 503
43 36
44 552
44 405
44 583
44 1314
44 410
44 541
44 171
44 529
44 1374
44 1156
45 305
45 525
45 540
45 37
45 84
45 338
45 623
45 344
45 573
45 1299
46 525
46 305
46 623
46 37
46 1213
46 1185
46 338
46 378
46 584
46 1394
47 525
47 304
47 305
47 310
47 1200
47 568
47 308
47 663
47 9
47 540
48 797
48 526
48 440
48 334
48 879
48 26
48 800
48 916
48 7
48 795
49 322
49 321
49 476
49 320
49 527
49 349
49 150
49 854
49 681
49 538
50 326
50 528
50 1301
50 992
50 192
50 494
50 336
50 1112
50 1204
50 337
51 94
51 326
51 133
51 528
51 106
51 1301
51 192
51 494
51 1112
51 259
52 326
52 306
52 528
52 1110
52 21
52 211
52 1215
52 133
52 1204
52 629
53 208
53 1253
53 524
53 1236
53 61
53 298
53 329
53 1139
53 267
53 269
54 123
54 1213
54 84
54 623
54 240
54 555
54 1104
54 1300
54 357
54 1185
55 460
55 1383
55 376
55 1236
55 255
55 1282
55 348
55 397
55 105
55 1301
56 441
56 638
56 503
56 658
56 871
56 530
56 1089
56 329
56 749
56 204
57 439
57 925
57 375
57 507
57 1181
57 1188
57 458
57 710
57 132
57 1288
58 785
58 270
58 120
58 509
58 1159
58 261
58 539
58 788
58 963
58 21
59 261
59 785
59 105
59 912
59 381
59 382
59 663
59 393
59 784
59 23
60 322
60 321
60 320
60 476
60 527
60 833
60 1073
60 1311
60 1185
60 159
61 539
61 564
61 566
61 283
61 1258
61 1159
61 1213
61 1192
61 483
61 754
62 483
62 533
62 325
62 1384
62 1262
62 116
62 105
62 475
62 381
62 382
63 738
63 204
63 745
63 1045
63 1046
63 1047
63 971
63 866
63 678
63 883
64 718
64 482
64 874
64 643
64 1201
64 239
64 52
64 137
64 908
64 830
65 388
65 3
65 180
65 664
65 393
65 1370
65 389
65 306
65 694
65 327
66 389
66 973
66 576
66 664
66 453
66 590
66 484
66 1138
66 1282
66 128
67 3
67 180
67 664
67 393
67 1370
67 388
67 389
67 458
67 306
67 327
68 628
68 343
68 344
68 565
68 339
68 661
68 481
68 662
68 185
68 249
69 155
69 459
69 977
69 1138
69 349
69 570
69 307
69 111
69 105
69 1193
70 349
70 104
70 155
70 459
70 292
70 977
70 1149
70 570
70 565
70 62
71 540
71 305
71 573
71 1299
71 537
71 310
71 63
71 409
71 1364
71 323
72 1080
72 244
72 413
72 1082
72 361
72 564
72 630
72 1191
72 666
72 668
73 332
73 541
73 410
73 1296
73 577
73 25
73 573
73 103
73 192
73 1112
74 1153
74 876
74 576
74 575
74 280
74 1098
74 603
74 608
74 430
74 598
75 584
75 13
75 303
75 128
75 324
75 1300
75 1213
75 21
75 1079
75 252
76 667
76 666
76 670
76 1080
76 1191
76 668
76 1082
76 1299
76 803
76 238
77 667
77 1080
77 1191
77 666
77 668
77 670
77 238
77 1082
77 1384
77 1132
78 589
78 138
78 592
78 216
78 590
78 426
78 237
78 543
78 523
78 214
79 1066
79 546
79 593
79 205
79 1104
79 755
79 1378
79 1062
79 860
79 689
80 917
80 1318
80 1335
80 1317
80 594
80 199
80 947
80 1345
80 755
80 945
81 799
81 714
81 631
81 597
81 15
81 226
81 1286
81 131
81 790
81 1157
82 1334
82 677
82 247
82 1332
82 632
82 676
82 637
82 924
82 1339
82 705
83 1060
83 1230
83 27
83 1108
83 1210
83 1179
83 468
83 680
83 121
83 1231
84 294
84 522
84 398
84 283
84 98
84 1281
84 101
84 1185
84 387
84 861
85 418
85 109
85 96
85 311
85 1155
85 294
85 431
85 608
85 522
85 876
86 594
86 755
86 598
86 878
86 431
86 790
86 608
86 280
86 1155
86 516
87 572
87 569
87 526
87 71
87 72
87 610
87 1343
87 134
87 439
87 655
88 548
88 614
88 622
88 613
88 615
88 616
88 619
88 621
88 618
88 620
89 793
89 679
89 797
89 464
89 222
89 226
89 916
89 632
89 1290
89 1341
90 416
90 1187
90 457
90 1160
90 1052
90 1257
90 136
90 1295
90 866
90 883
91 800
91 799
91 610
91 672
91 252
91 879
91 315
91 797
91 520
91 923
92 811
92 804
92 834
92 683
92 985
92 1124
92 758
92 684
92 945
92 808
93 635
93 691
93 1336
93 232
93 1335
93 1150
93 986
93 853
93 482
93 311
94 559
94 1393
94 35
94 437
94 524
94 303
94 24
94 1161
94 1099
94 438
95 283
95 1258
95 240
95 662
95 689
95 370
95 1384
95 21
95 585
95 959
96 698
96 637
96 705
96 1334
96 247
96 1332
96 632
96 699
96 677
96 902
97 1331
97 882
97 783
97 356
97 1327
97 371
97 790
97 262
97 725
97 654
98 638
98 631
98 139
98 673
98 245
98 792
98 7
98 679
98 1265
98 1084
99 639
99 719
99 716
99 499
99 944
99 717
99 618
99 69
99 715
99 32
100 760
100 1122
100 739
100 822
100 741
100 1171
100 740
100 885
100 953
100 1126
101 825
101 818
101 1119
101 1067
101 820
101 1120
101 817
101 863
101 491
101 1079
102 910
102 913
102 313
102 119
102 728
102 1242
102 1001
102 516
102 729
102 1270
103 1127
103 761
103 1050
103 440
103 826
103 1048
103 1049
103 770
103 1128
103 771
104 863
104 910
104 762
104 1316
104 735
104 644
104 913
104 734
104 642
104 821
105 764
105 848
105 846
105 847
105 953
105 844
105 763
105 1071
105 1036
105 1037
106 847
106 344
106 878
106 1036
106 1037
106 1038
106 1039
106 1040
106 1042
106 1043
107 725
107 911
107 909
107 640
107 497
107 720
107 209
107 47
107 834
107 883
108 883
108 75
108 726
108 724
108 866
108 640
108 768
108 884
108 720
108 727
109 51
109 658
109 859
109 142
109 1361
109 5
109 982
109 1104
109 877
109 606
110 424
110 735
110 863
110 862
110 412
110 647
110 744
110 1397
110 1060
110 951
111 894
111 658
111 15
111 627
111 864
111 285
111 914
111 856
111 857
111 391
112 641
112 730
112 422
112 731
112 648
112 735
112 734
112 855
112 1054
112 425
113 205
113 1328
113 748
113 1104
113 701
113 685
113 1333
113 272
113 1272
113 312
114 895
114 919
114 918
114 916
114 965
114 780
114 1360
114 1248
114 515
114 1290
115 875
115 746
115 11
115 13
115 540
115 252
115 585
115 142
115 45
115 181
116 1218
116 677
116 632
116 250
116 685
116 545
116 887
116 561
116 952
116 1243
117 1328
117 1032
117 927
117 1312
117 1115
117 952
117 1092
117 999
117 1207
117 925
118 520
118 923
118 610
118 672
118 1239
118 229
118 230
118 172
118 66
118 246
119 926
119 1129
119 839
119 1051
119 789
119 114
119 381
119 765
119 1133
119 1068
120 769
120 887
120 886
120 891
120 890
120 841
120 1123
120 847
120 739
120 897
121 1056
121 887
121 769
121 75
121 1146
121 891
121 837
121 31
121 647
121 886
122 931
122 898
122 1100
122 957
122 897
122 1070
122 937
122 1118
122 1119
122 934
123 941
123 389
123 1222
123 34
123 966
123 910
123 1076
123 939
123 1250
123 967
124 941
124 171
124 931
124 1395
124 1001
124 904
124 1305
124 631
124 1394
124 898
125 1074
125 993
125 1075
125 1093
125 997
125 1062
125 519
125 911
125 923
125 992
126 974
126 1288
126 1326
126 397
126 1265
126 368
126 969
126 451
126 337
126 942
127 5
127 981
127 1063
127 160
127 1317
127 1311
127 155
127 459
127 185
127 651
128 945
128 92
128 1246
128 1063
128 1388
128 111
128 1250
128 1219
128 367
128 758
129 989
129 988
129 945
129 4
129 376
129 748
129 255
129 99
129 165
129 660
130 948
130 658
130 727
130 859
130 982
130 728
130 15
130 627
130 51
130 864
131 950
131 1125
131 1017
131 1018
131 1019
131 1020
131 1021
131 1022
131 1023
131 1024
132 950
132 1017
132 1018
132 1019
132 1020
132 1021
132 1022
132 1023
132 1024
132 1025
133 1017
133 1018
133 1019
133 1020
133 1021
133 1022
133 1023
133 1024
133 1025
133 1026
134 195
134 951
134 1012
134 883
134 753
134 1017
134 1018
134 1019
134 1020
134 1021
135 1017
135 1018
135 1019
135 1020
135 1021
135 1022
135 1023
135 1024
135 1025
135 1026
136 831
136 1033
136 409
136 1017
136 1018
136 1019
136 1020
136 1021
136 1022
136 1023
137 952
137 1032
137 1172
137 847
137 1125
137 953
137 1171
137 1288
137 421
137 1092
138 953
138 847
138 852
138 760
138 764
138 846
138 848
138 841
138 769
138 1123
139 953
139 847
139 846
139 1129
139 760
139 764
139 723
139 852
139 848
139 841
140 954
140 1041
140 30
140 1175
140 837
140 497
140 146
140 195
140 723
140 922
141 160
141 1041
141 828
141 954
141 421
141 1138
141 1135
141 953
141 885
141 836
142 1175
142 1136
142 852
142 953
142 885
142 683
142 1373
142 954
142 146
142 887
143 954
143 1129
143 852
143 930
143 1041
143 828
143 1132
143 1138
143 1360
143 1135
144 839
144 955
144 841
144 1178
144 1045
144 1046
144 1047
144 763
144 736
144 1360
145 1048
145 1045
145 1046
145 1047
145 454
145 826
145 928
145 1176
145 839
145 838
146 955
146 1045
146 1046
146 1047
146 928
146 742
146 1176
146 839
146 492
146 840
147 956
147 1049
147 1050
147 1128
147 1172
147 391
147 1358
147 1392
147 1397
147 931
148 1048
148 826
148 1050
148 1127
148 761
148 928
148 1069
148 1146
148 1174
148 820
149 930
149 1361
149 1363
149 830
149 579
149 1056
149 931
149 957
149 1070
149 742
150 1062
150 1074
150 1075
150 923
150 687
150 285
150 630
150 593
150 1140
150 413
151 677
151 225
151 1261
151 924
151 675
151 783
151 917
151 1342
151 676
151 247
152 671
152 333
152 291
152 76
152 247
152 1257
152 600
152 416
152 678
152 632
153 1088
153 1085
153 1063
153 1081
153 1079
153 551
153 228
153 1082
153 252
153 850
154 1088
154 1087
154 832
154 1262
154 1085
154 551
154 681
154 985
154 990
154 1079
155 505
155 76
155 1097
155 587
155 1287
155 1101
155 1100
155 1096
155 805
155 1099
156 1096
156 553
156 1098
156 82
156 818
156 892
156 1111
156 1097
156 587
156 184
157 1214
157 456
157 812
157 77
157 25
157 994
157 505
157 576
157 1153
157 122
158 949
158 302
158 405
158 958
158 108
158 691
158 183
158 463
158 552
158 1303
159 1066
159 1197
159 1112
159 192
159 849
159 708
159 494
159 42
159 259
159 1259
160 1071
160 891
160 769
160 763
160 846
160 1134
160 1171
160 954
160 831
160 827
161 1185
161 54
161 1192
161 1386
161 383
161 55
161 784
161 1366
161 489
161 461
162 62
162 54
162 55
162 784
162 1366
162 23
162 260
162 493
162 255
162 562
163 492
163 69
163 57
163 48
163 56
163 1077
163 354
163 767
163 37
163 58
164 416
164 1187
164 457
164 311
164 1257
164 333
164 291
164 1282
164 76
164 671
165 504
165 978
165 72
165 1268
165 209
165 49
165 348
165 1301
165 345
165 460
166 504
166 72
166 1364
166 209
166 271
166 569
166 73
166 256
166 55
166 348
167 1098
167 553
167 1185
167 1279
167 1096
167 1193
167 266
167 869
167 480
167 572
168 467
168 777
168 750
168 1182
168 118
168 369
168 301
168 985
168 738
168 1138
169 750
169 118
169 467
169 249
169 777
169 127
169 990
169 276
169 1182
169 369
170 239
170 238
170 893
170 904
170 1082
170 905
170 1080
170 1191
170 666
170 668
171 431
171 516
171 1336
171 594
171 904
171 280
171 1066
171 755
171 252
171 311
172 322
172 321
172 320
172 476
172 527
172 981
172 731
172 1311
172 1138
172 11
173 532
173 850
173 853
173 1073
173 917
173 367
173 681
173 1086
173 1087
173 451
174 411
174 483
174 1389
174 501
174 1390
174 482
174 1101
174 866
174 1287
174 228
175 1080
175 1191
175 666
175 668
175 670
175 667
175 1082
175 238
175 53
175 361
176 542
176 869
176 164
176 160
176 1248
176 963
176 451
176 586
176 1345
176 399
177 589
177 590
177 588
177 543
177 138
177 592
177 216
177 426
177 42
177 237
178 138
178 592
178 216
178 523
178 589
178 590
178 990
178 426
178 1153
178 237
179 278
179 224
179 680
179 468
179 677
179 1332
179 637
179 194
179 313
179 703
180 622
180 548
180 616
180 882
180 184
180 1173
180 710
180 578
180 885
180 1341
181 1074
181 993
181 1075
181 997
181 1093
181 1062
181 221
181 1377
181 519
181 923
182 634
182 687
182 285
182 947
182 593
182 766
182 816
182 1104
182 26
182 686
183 804
183 811
183 808
183 1243
183 925
183 1247
183 439
183 1045
183 1046
183 1047
184 1379
184 1391
184 254
184 309
184 1219
184 274
184 1217
184 117
184 447
184 1333
185 856
185 857
185 658
185 15
185 627
185 864
185 285
185 914
185 391
185 772
186 610
186 672
186 923
186 230
186 1074
186 1062
186 433
186 993
186 1075
186 342
187 763
187 839
187 846
187 1071
187 1100
187 831
187 936
187 827
187 955
187 841
188 725
188 911
188 722
188 720
188 497
188 909
188 723
188 640
188 997
188 1279
189 640
189 252
189 868
189 767
189 1088
189 1177
189 945
189 367
189 1166
189 865
190 627
190 285
190 658
190 15
190 948
190 864
190 914
190 856
190 857
190 391
191 658
191 15
191 627
191 728
191 864
191 285
191 1392
191 914
191 856
191 660
192 734
192 641
192 735
192 644
192 642
192 647
192 938
192 1057
192 109
192 393
193 1088
193 730
193 641
193 400
193 735
193 734
193 1224
193 422
193 425
193 833
194 642
194 932
194 744
194 742
194 341
194 928
194 822
194 1122
194 740
194 734
195 642
195 932
195 1055
195 742
195 744
195 1054
195 842
195 928
195 321
195 822
196 875
196 746
196 11
196 13
196 540
196 252
196 585
196 142
196 45
196 181
197 884
197 881
197 768
197 923
197 945
197 50
197 867
197 1318
197 869
197 1315
198 886
198 252
198 890
198 952
198 739
198 897
198 440
198 769
198 1173
198 741
199 930
199 1361
199 1363
199 830
199 1294
199 1056
199 931
199 744
199 957
199 1070
200 1134
200 1138
200 1071
200 159
200 1041
200 828
200 954
200 953
200 1294
200 885
201 1299
201 625
201 578
201 1391
201 410
201 69
201 1252
201 1241
201 536
201 501
202 1285
202 421
202 1303
202 1231
202 1378
202 194
202 19
202 923
202 655
202 242
203 1308
203 1261
203 923
203 833
203 1133
203 482
203 1303
203 945
203 44
203 29
204 1184
204 139
204 455
204 496
204 1378
204 1064
204 652
204 1261
204 196
204 197
205 1322
205 1287
205 1199
205 1321
205 73
205 133
205 50
205 1367
205 1384
205 662
206 1290
206 205
206 598
206 252
206 790
206 879
206 1003
206 1004
206 1005
206 1006
207 1188
207 458
207 818
207 925
207 1185
207 481
207 439
207 862
207 338
207 365
208 1219
208 1291
208 699
208 1201
208 1344
208 1204
208 453
208 484
208 1334
208 368
209 1385
209 1228
209 1278
209 358
209 1383
209 526
209 461
209 562
209 23
209 375
210 1172
210 1171
210 831
210 843
210 889
210 1132
210 1125
210 956
210 760
210 1118
211 891
211 886
211 890
211 739
211 897
211 769
211 1173
211 831
211 765
211 846
212 642
212 1146
212 888
212 823
212 838
212 870
212 822
212 1176
212 1178
212 1045
213 885
213 822
213 769
213 642
213 887
213 928
213 891
213 1122
213 1173
213 888
214 1294
214 1362
214 830
214 831
214 833
214 1036
214 1037
214 1038
214 1039
214 1040
215 535
215 357
215 707
215 1205
215 1234
215 411
215 1377
215 1104
215 328
215 1356
216 971
216 1032
216 330
216 19
216 675
216 1064
216 952
216 1077
216 345
216 117
217 283
217 559
217 666
217 946
217 1300
217 1213
217 65
217 501
217 655
217 1264
218 283
218 559
218 666
218 1147
218 1393
218 101
218 655
218 1300
218 1213
218 36
219 361
219 149
219 680
219 1080
219 53
219 1367
219 1082
219 1107
219 1078
219 1256
220 292
220 458
220 382
220 1365
220 111
220 784
220 4
220 1240
220 23
220 307
221 435
221 1366
221 54
221 352
221 1386
221 388
221 266
221 292
221 787
221 632
222 1399
222 1400
222 1396
222 419
222 400
222 1358
222 1397
222 1357
222 1070
222 393
223 400
223 1398
223 863
223 1399
223 1400
223 1396
223 393
223 3
223 180
223 1060
224 236
224 1298
224 1286
224 1314
224 170
224 656
224 1264
224 1157
224 1356
224 1391
225 1188
225 1344
225 1380
225 969
225 423
225 372
225 1291
225 999
225 58
225 367
